var vs = [
    {'x': -0.5248, 'y': -0.7078, 'z': -1.3753},
    {'x': -1.5307, 'y': -0.6667, 'z': -0.2460},
    {'x': -0.9063, 'y': -0.6615, 'z': 1.1146},
    {'x': 0.5458, 'y': -0.6919, 'z': 1.4306},
    {'x': 1.4284, 'y': -0.7311, 'z': 0.2296},
    {'x': 1.0038, 'y': -0.7426, 'z': -1.2346},
    {'x': 0.7869, 'y': 2.8293, 'z': -1.2921},
    {'x': 0.6343, 'y': 3.3980, 'z': -0.7881},
    {'x': 0.9815, 'y': 3.4794, 'z': -0.0789},
    {'x': 1.5238, 'y': 2.9123, 'z': 0.0920},
    {'x': 1.6763, 'y': 2.3435, 'z': -0.4121},
    {'x': 1.3292, 'y': 2.2621, 'z': -1.1212},
    {'x': 2.5903, 'y': 4.5816, 'z': -2.3641},
    {'x': 2.2850, 'y': 4.9352, 'z': -1.7896},
    {'x': 2.6189, 'y': 4.9250, 'z': -1.1502},
    {'x': 3.3072, 'y': 4.6892, 'z': -1.0570},
    {'x': 3.5799, 'y': 4.2775, 'z': -1.6088},
    {'x': 3.1906, 'y': 4.1893, 'z': -2.2097},
    {'x': 3.5487, 'y': 7.4747, 'z': -3.0857},
    {'x': 3.1791, 'y': 7.7821, 'z': -2.5849},
    {'x': 3.4576, 'y': 7.9159, 'z': -1.9853},
    {'x': 4.1295, 'y': 7.8259, 'z': -1.8539},
    {'x': 4.4670, 'y': 7.4315, 'z': -2.3148},
    {'x': 4.1674, 'y': 7.2402, 'z': -2.8880},
    {'x': 4.6106, 'y': 9.7155, 'z': -4.6110},
    {'x': 4.3297, 'y': 10.0261, 'z': -4.1895},
    {'x': 4.6185, 'y': 10.3778, 'z': -3.7590},
    {'x': 5.1932, 'y': 10.1512, 'z': -3.6493},
    {'x': 5.4464, 'y': 9.7592, 'z': -4.0171},
    {'x': 5.2306, 'y': 9.6217, 'z': -4.5889},
    {'x': 5.3299, 'y': 12.1494, 'z': -6.0468},
    {'x': 4.9437, 'y': 12.4323, 'z': -5.7556},
    {'x': 5.1322, 'y': 12.7581, 'z': -5.3297},
    {'x': 5.6820, 'y': 12.7851, 'z': -5.2437},
    {'x': 6.0622, 'y': 12.6056, 'z': -5.6141},
    {'x': 5.8746, 'y': 12.2655, 'z': -6.0290},
    {'x': 4.5048, 'y': 14.4674, 'z': -8.1870},
    {'x': 4.1902, 'y': 14.5513, 'z': -7.8224},
    {'x': 4.2964, 'y': 14.8645, 'z': -7.4208},
    {'x': 4.8124, 'y': 14.9139, 'z': -7.3772},
    {'x': 5.1236, 'y': 14.8422, 'z': -7.7473},
    {'x': 4.9723, 'y': 14.6929, 'z': -8.2221},
    {'x': 3.9998, 'y': 17.3570, 'z': -8.2896},
    {'x': 3.7322, 'y': 17.4265, 'z': -7.9703},
    {'x': 3.8605, 'y': 17.5496, 'z': -7.5889},
    {'x': 4.2789, 'y': 17.5479, 'z': -7.5023},
    {'x': 4.5416, 'y': 17.4121, 'z': -7.8039},
    {'x': 4.4175, 'y': 17.3449, 'z': -8.2003},
    {'x': -1.3300, 'y': 3.0688, 'z': -0.3637},
    {'x': -1.5576, 'y': 2.5436, 'z': 0.1580},
    {'x': -1.2745, 'y': 2.4880, 'z': 0.8966},
    {'x': -0.7136, 'y': 3.0322, 'z': 1.0786},
    {'x': -0.4860, 'y': 3.5573, 'z': 0.5568},
    {'x': -0.7692, 'y': 3.6130, 'z': -0.1818},
    {'x': -3.1389, 'y': 4.9204, 'z': 0.6090},
    {'x': -3.5437, 'y': 4.6546, 'z': 1.1633},
    {'x': -3.1873, 'y': 4.5794, 'z': 1.7979},
    {'x': -2.5597, 'y': 4.8953, 'z': 1.9333},
    {'x': -2.1982, 'y': 5.2507, 'z': 1.3996},
    {'x': -2.4785, 'y': 5.1685, 'z': 0.7286},
    {'x': -3.6917, 'y': 8.1175, 'z': 0.8283},
    {'x': -4.0815, 'y': 7.9634, 'z': 1.4075},
    {'x': -3.8186, 'y': 7.9192, 'z': 2.0272},
    {'x': -3.1296, 'y': 8.0412, 'z': 2.1732},
    {'x': -2.7395, 'y': 7.9544, 'z': 1.5803},
    {'x': -3.0025, 'y': 7.9806, 'z': 0.9596},
    {'x': -3.0873, 'y': 11.0352, 'z': 1.0646},
    {'x': -3.4361, 'y': 10.9484, 'z': 1.5358},
    {'x': -3.2863, 'y': 11.1202, 'z': 2.1328},
    {'x': -2.6628, 'y': 11.0130, 'z': 2.1956},
    {'x': -2.3154, 'y': 10.9363, 'z': 1.7217},
    {'x': -2.4623, 'y': 11.1303, 'z': 1.1307},
    {'x': -3.4900, 'y': 13.9078, 'z': 1.0641},
    {'x': -3.9033, 'y': 13.8031, 'z': 1.4479},
    {'x': -3.7135, 'y': 13.7671, 'z': 1.9933},
    {'x': -3.1812, 'y': 13.8962, 'z': 2.1089},
    {'x': -2.8329, 'y': 14.1725, 'z': 1.7462},
    {'x': -2.9960, 'y': 14.1380, 'z': 1.1922},
    {'x': -4.0013, 'y': 8.7727, 'z': 1.0531},
    {'x': -3.1392, 'y': 8.3794, 'z': 1.1697},
    {'x': -4.3471, 'y': 8.1169, 'z': 0.9044},
    {'x': -3.4906, 'y': 7.6434, 'z': 1.0131},
    {'x': -4.5099, 'y': 8.0400, 'z': 1.6387},
    {'x': -3.6744, 'y': 7.5597, 'z': 1.8187},
    {'x': -4.1642, 'y': 8.6958, 'z': 1.7874},
    {'x': -3.3230, 'y': 8.2957, 'z': 1.9753},
    {'x': -5.3910, 'y': 9.6774, 'z': 0.6669},
    {'x': -5.9021, 'y': 9.2826, 'z': 0.4429},
    {'x': -6.1089, 'y': 9.2295, 'z': 1.0923},
    {'x': -5.7288, 'y': 9.7744, 'z': 1.2532},
    {'x': -6.7406, 'y': 11.3948, 'z': 0.5688},
    {'x': -7.1015, 'y': 10.9461, 'z': 0.3565},
    {'x': -7.2334, 'y': 10.7799, 'z': 0.9323},
    {'x': -6.8733, 'y': 11.2291, 'z': 1.1446},
    {'x': -7.6988, 'y': 11.9113, 'z': 0.4436},
    {'x': -8.1032, 'y': 11.5316, 'z': 0.2515},
    {'x': -8.0992, 'y': 11.2996, 'z': 0.7908},
    {'x': -7.8228, 'y': 11.7732, 'z': 1.0005},
    {'x': -8.4628, 'y': 12.8019, 'z': 1.2725},
    {'x': -8.9573, 'y': 12.5917, 'z': 1.1409},
    {'x': -8.8859, 'y': 12.2117, 'z': 1.5364},
    {'x': -8.4310, 'y': 12.4710, 'z': 1.7147},
    {'x': -2.2823, 'y': 5.8455, 'z': 1.0456},
    {'x': -2.8767, 'y': 5.1051, 'z': 0.6862},
    {'x': -2.5433, 'y': 5.7618, 'z': 1.8117},
    {'x': -3.1774, 'y': 4.9924, 'z': 1.5281},
    {'x': -1.9152, 'y': 5.2687, 'z': 1.9679},
    {'x': -2.4994, 'y': 4.4226, 'z': 1.6939},
    {'x': -1.6542, 'y': 5.3524, 'z': 1.2018},
    {'x': -2.1988, 'y': 4.5353, 'z': 0.8520},
    {'x': -0.6500, 'y': 6.8389, 'z': 1.4768},
    {'x': -0.8942, 'y': 6.8680, 'z': 2.0137},
    {'x': -0.7281, 'y': 6.3139, 'z': 2.1325},
    {'x': -0.4839, 'y': 6.2848, 'z': 1.5956},
    {'x': 0.3121, 'y': 7.1636, 'z': 2.2040},
    {'x': 0.0299, 'y': 7.2109, 'z': 2.6913},
    {'x': 0.1337, 'y': 6.6600, 'z': 2.7630},
    {'x': 0.5673, 'y': 6.7000, 'z': 2.4026},
    {'x': 0.9737, 'y': 7.6461, 'z': 2.8445},
    {'x': 0.6350, 'y': 7.6870, 'z': 3.2500},
    {'x': 0.9534, 'y': 7.3898, 'z': 3.5517},
    {'x': 1.2337, 'y': 7.2737, 'z': 3.1173},
    {'x': 1.4201, 'y': 8.4881, 'z': 2.8426},
    {'x': 1.2166, 'y': 8.6548, 'z': 3.2696},
    {'x': 1.6345, 'y': 8.5209, 'z': 3.5126},
    {'x': 1.8545, 'y': 8.4017, 'z': 3.0779},
    {'x': 1.6396, 'y': 9.8456, 'z': 2.5005},
    {'x': 1.4608, 'y': 9.7902, 'z': 2.9737},
    {'x': 1.9116, 'y': 9.9346, 'z': 3.1602},
    {'x': 2.0771, 'y': 9.7214, 'z': 2.7288},
    {'x': 1.5469, 'y': 11.2027, 'z': 2.4647},
    {'x': 1.4055, 'y': 11.0172, 'z': 2.8794},
    {'x': 1.8103, 'y': 11.1741, 'z': 3.0741},
    {'x': 1.9436, 'y': 11.0134, 'z': 2.6466},
    {'x': -2.1573, 'y': 7.1855, 'z': 2.1429},
    {'x': -2.3504, 'y': 6.7204, 'z': 2.4542},
    {'x': -1.8034, 'y': 6.6132, 'z': 2.6540},
    {'x': -1.6104, 'y': 7.0783, 'z': 2.3427},
    {'x': -2.2641, 'y': 7.8423, 'z': 3.2807},
    {'x': -2.4493, 'y': 7.3712, 'z': 3.5181},
    {'x': -1.9181, 'y': 7.2376, 'z': 3.6298},
    {'x': -1.7583, 'y': 7.7582, 'z': 3.5033},
    {'x': -2.5840, 'y': 8.1086, 'z': 4.3016},
    {'x': -2.7429, 'y': 7.6293, 'z': 4.4526},
    {'x': -2.3336, 'y': 7.5926, 'z': 4.7826},
    {'x': -2.1368, 'y': 8.0329, 'z': 4.5700},
    {'x': -3.1468, 'y': 8.6697, 'z': 4.8308},
    {'x': -3.4464, 'y': 8.4594, 'z': 5.1717},
    {'x': -3.0775, 'y': 8.4796, 'z': 5.5090},
    {'x': -2.7766, 'y': 8.6859, 'z': 5.1668},
    {'x': -3.1716, 'y': 9.9395, 'z': 4.8573},
    {'x': -3.4771, 'y': 9.7794, 'z': 5.2079},
    {'x': -3.1515, 'y': 9.8959, 'z': 5.5575},
    {'x': -2.8173, 'y': 9.9299, 'z': 5.1983},
    {'x': -3.7328, 'y': 11.1812, 'z': 5.0211},
    {'x': -3.9047, 'y': 10.8456, 'z': 5.3521},
    {'x': -3.6986, 'y': 11.1441, 'z': 5.6986},
    {'x': -3.3663, 'y': 11.0456, 'z': 5.3358},
    {'x': 5.7480, 'y': 11.6475, 'z': -6.0864},
    {'x': 5.5682, 'y': 11.7865, 'z': -4.9786},
    {'x': 5.7932, 'y': 11.0142, 'z': -6.0000},
    {'x': 5.6247, 'y': 11.0673, 'z': -4.9075},
    {'x': 5.1707, 'y': 10.9534, 'z': -6.1396},
    {'x': 4.9156, 'y': 10.9983, 'z': -5.0416},
    {'x': 5.1255, 'y': 11.5867, 'z': -6.2259},
    {'x': 4.8591, 'y': 11.7176, 'z': -5.1127},
    {'x': 6.0156, 'y': 11.4634, 'z': -7.1498},
    {'x': 6.0540, 'y': 10.8789, 'z': -7.0380},
    {'x': 5.4620, 'y': 10.8451, 'z': -7.1010},
    {'x': 5.4608, 'y': 11.3852, 'z': -7.3538},
    {'x': 6.2790, 'y': 10.9308, 'z': -8.1824},
    {'x': 6.1748, 'y': 10.4650, 'z': -7.8673},
    {'x': 5.7383, 'y': 10.3553, 'z': -8.2203},
    {'x': 5.7113, 'y': 10.9257, 'z': -8.2515},
    {'x': 6.8932, 'y': 10.6549, 'z': -9.0641},
    {'x': 6.8604, 'y': 10.1333, 'z': -9.0109},
    {'x': 6.5035, 'y': 10.1118, 'z': -9.3958},
    {'x': 6.4750, 'y': 10.6362, 'z': -9.3815},
    {'x': 7.6214, 'y': 10.7374, 'z': -9.7539},
    {'x': 7.9028, 'y': 10.3007, 'z': -9.8965},
    {'x': 7.5043, 'y': 10.3398, 'z': -10.2569},
    {'x': 7.6347, 'y': 10.8621, 'z': -10.2779},
    {'x': 8.9662, 'y': 11.0281, 'z': -9.9198},
    {'x': 9.2597, 'y': 10.6460, 'z': -9.9834},
    {'x': 9.0440, 'y': 10.6783, 'z': -10.4176},
    {'x': 9.0539, 'y': 11.1626, 'z': -10.3784},
    {'x': 1.8561, 'y': 12.6730, 'z': 2.9672},
    {'x': -4.1073, 'y': 12.4851, 'z': 5.3907},
    {'x': 10.8466, 'y': 20.3032, 'z': -5.8144},
    {'x': 6.8732, 'y': 24.2135, 'z': -4.2227},
    {'x': 5.9095, 'y': 18.5685, 'z': -3.3188},
    {'x': 8.0601, 'y': 15.6382, 'z': -7.8354},
    {'x': 2.3645, 'y': 16.6654, 'z': -7.4928},
    {'x': 1.6310, 'y': 21.9652, 'z': -5.2601},
    {'x': 9.6194, 'y': 24.7719, 'z': -9.2980},
    {'x': 10.3529, 'y': 19.4721, 'z': -11.5307},
    {'x': 6.0744, 'y': 22.8688, 'z': -13.4720},
    {'x': 5.1107, 'y': 17.2238, 'z': -12.5681},
    {'x': 1.1373, 'y': 21.1341, 'z': -10.9765},
    {'x': 3.9238, 'y': 25.7991, 'z': -8.9554},
    {'x': -8.0904, 'y': 21.5101, 'z': 5.7950},
    {'x': -0.8517, 'y': 21.0368, 'z': 6.8649},
    {'x': -3.5026, 'y': 25.4041, 'z': 1.6050},
    {'x': -4.9944, 'y': 14.9908, 'z': 7.0915},
    {'x': 1.5068, 'y': 14.8557, 'z': 3.7028},
    {'x': 2.4288, 'y': 21.2915, 'z': 0.3119},
    {'x': -9.2837, 'y': 22.0573, 'z': -1.4192},
    {'x': -6.9251, 'y': 15.8762, 'z': -4.5812},
    {'x': -10.2056, 'y': 15.6215, 'z': 1.9717},
    {'x': -4.2742, 'y': 11.5089, 'z': 0.6786},
    {'x': 0.3136, 'y': 15.4030, 'z': -3.5114},
    {'x': -2.7825, 'y': 21.9222, 'z': -4.8079},
    {'x': -12.0443, 'y': 16.7223, 'z': 6.6582},
    {'x': -10.8649, 'y': 19.2722, 'z': 2.9103},
    {'x': -14.0619, 'y': 15.8715, 'z': 2.5175},
    {'x': -12.7275, 'y': 12.3079, 'z': 5.2489},
    {'x': -11.9703, 'y': 12.1295, 'z': 0.6299},
    {'x': -10.8191, 'y': 16.4337, 'z': -0.8155},
    {'x': -7.5546, 'y': 17.8104, 'z': 5.8844},
    {'x': -8.7057, 'y': 13.5062, 'z': 7.3297},
    {'x': -5.4629, 'y': 14.0684, 'z': 3.9968},
    {'x': -8.6600, 'y': 10.6677, 'z': 3.6040},
    {'x': -7.4806, 'y': 13.2176, 'z': -0.1440},
    {'x': -6.7974, 'y': 17.6320, 'z': 1.2654},
    {'x': 0.0261, 'y': 13.3493, 'z': 1.1759},
    {'x': 1.7620, 'y': 15.2723, 'z': 2.1812},
    {'x': 2.7273, 'y': 13.2562, 'z': 0.5303},
    {'x': 1.3649, 'y': 10.9144, 'z': 1.1481},
    {'x': 3.9282, 'y': 11.3325, 'z': 2.1362},
    {'x': 4.1737, 'y': 14.0259, 'z': 2.7747},
    {'x': -0.1970, 'y': 14.1765, 'z': 3.8194},
    {'x': -0.4424, 'y': 11.4831, 'z': 3.1809},
    {'x': 1.0040, 'y': 12.2528, 'z': 5.4253},
    {'x': 1.9693, 'y': 10.2367, 'z': 3.7744},
    {'x': 3.7052, 'y': 12.1597, 'z': 4.7797},
    {'x': 2.3664, 'y': 14.5946, 'z': 4.8075},
    {'x': 13.9192, 'y': 11.3979, 'z': -10.9759},
    {'x': 11.5690, 'y': 9.3662, 'z': -12.6032},
    {'x': 11.6449, 'y': 12.8144, 'z': -13.2389},
    {'x': 12.2513, 'y': 8.8766, 'z': -9.1981},
    {'x': 8.9460, 'y': 8.7348, 'z': -10.3623},
    {'x': 8.5713, 'y': 11.1684, 'z': -12.8597},
    {'x': 12.3741, 'y': 14.4559, 'z': -10.2267},
    {'x': 9.7512, 'y': 13.8245, 'z': -7.9858},
    {'x': 12.7489, 'y': 12.0222, 'z': -7.7293},
    {'x': 9.6753, 'y': 10.3763, 'z': -7.3501},
    {'x': 7.4009, 'y': 11.7927, 'z': -9.6131},
    {'x': 9.0689, 'y': 14.3141, 'z': -11.3909},
    {'x': 2.0038, 'y': 21.4118, 'z': -4.5528},
    {'x': 4.5496, 'y': 22.6688, 'z': -2.1803},
    {'x': 3.0422, 'y': 19.3275, 'z': -1.6775},
    {'x': -0.5298, 'y': 19.5310, 'z': -2.6206},
    {'x': 0.4501, 'y': 19.6257, 'z': 0.9460},
    {'x': 3.5894, 'y': 21.5650, 'z': 1.2181},
    {'x': 1.9093, 'y': 24.9374, 'z': -3.4343},
    {'x': -1.2299, 'y': 22.9981, 'z': -3.7065},
    {'x': -0.6827, 'y': 25.2355, 'z': -0.8109},
    {'x': -2.1902, 'y': 21.8942, 'z': -0.3080},
    {'x': 0.3556, 'y': 23.1513, 'z': 2.0644},
    {'x': 2.8893, 'y': 25.0321, 'z': 0.1323},
    {'x': -0.3630, 'y': 2.3990, 'z': -1.1434},
    {'x': -1.2613, 'y': 2.2009, 'z': -0.1944},
    {'x': -0.7142, 'y': 2.1896, 'z': 0.8368},
    {'x': -1.1825, 'y': 5.8804, 'z': 1.3880},
    {'x': 0.4833, 'y': 2.3491, 'z': 1.0873},
    {'x': 1.3186, 'y': 2.0372, 'z': 0.1039},
    {'x': 0.8542, 'y': 2.0714, 'z': -0.9691},
    {'x': -0.0483, 'y': 3.4945, 'z': -0.5240},
    {'x': 0.3244, 'y': 3.4726, 'z': 0.4584},
    {'x': -1.9176, 'y': 6.3928, 'z': 1.2242},
    {'x': -2.2541, 'y': 6.3511, 'z': 2.0613},
    {'x': -1.5224, 'y': 5.9112, 'z': 2.1254},
    {'x': -1.4462, 'y': 6.7844, 'z': 1.8891},
    {'x': -4.1472, 'y': 12.4928, 'z': 5.1192},
    {'x': -4.3319, 'y': 12.2734, 'z': 5.4238},
    {'x': -4.0659, 'y': 12.4726, 'z': 5.6620},
    {'x': 1.5818, 'y': 12.5037, 'z': 3.0580},
    {'x': 1.9402, 'y': 12.4110, 'z': 3.1855},
    {'x': -3.8526, 'y': 12.5966, 'z': 5.3549},
    {'x': 1.7400, 'y': 12.6590, 'z': 2.7130},
    {'x': 2.1000, 'y': 12.5810, 'z': 2.8423}
]

var fs = [
    [6, 7, 13, 12],
    [8, 14, 13, 7],
    [9, 15, 14, 8],
    [10, 16, 15, 9],
    [10, 11, 17, 16],
    [11, 6, 12, 17],
    [12, 13, 19, 18],
    [20, 19, 13, 14],
    [15, 21, 20, 14],
    [15, 16, 22, 21],
    [16, 17, 23, 22],
    [17, 12, 18, 23],
    [19, 25, 24, 18],
    [20, 26, 25, 19],
    [20, 21, 27, 26],
    [21, 22, 28, 27],
    [23, 29, 28, 22],
    [23, 18, 24, 29],
    [25, 31, 30, 24],
    [25, 26, 32, 31],
    [27, 33, 32, 26],
    [28, 34, 33, 27],
    [28, 29, 35, 34],
    [29, 24, 30, 35],
    [30, 31, 37, 36],
    [32, 38, 37, 31],
    [33, 39, 38, 32],
    [34, 40, 39, 33],
    [35, 41, 40, 34],
    [35, 30, 36, 41],
    [36, 37, 43, 42],
    [37, 38, 44, 43],
    [38, 39, 45, 44],
    [39, 40, 46, 45],
    [41, 47, 46, 40],
    [36, 42, 47, 41],
    [49, 55, 54, 48],
    [49, 50, 56, 55],
    [50, 51, 57, 56],
    [51, 52, 58, 57],
    [53, 59, 58, 52],
    [48, 54, 59, 53],
    [61, 60, 54, 55],
    [56, 62, 61, 55],
    [62, 56, 57, 63],
    [63, 57, 58, 64],
    [59, 65, 64, 58],
    [54, 60, 65, 59],
    [61, 67, 66, 60],
    [62, 68, 67, 61],
    [62, 63, 69, 68],
    [63, 64, 70, 69],
    [65, 71, 70, 64],
    [65, 60, 66, 71],
    [72, 66, 67, 73],
    [67, 68, 74, 73],
    [69, 75, 74, 68],
    [76, 75, 69, 70],
    [70, 71, 77, 76],
    [71, 66, 72, 77],
    [81, 80, 78, 79],
    [81, 83, 82, 80],
    [83, 85, 84, 82],
    [79, 78, 84, 85],
    [91, 95, 94, 90],
    [91, 92, 96, 95],
    [93, 97, 96, 92],
    [90, 94, 97, 93],
    [95, 99, 98, 94],
    [95, 96, 100, 99],
    [96, 97, 101, 100],
    [94, 98, 101, 97],
    [105, 104, 102, 103],
    [107, 106, 104, 105],
    [107, 109, 108, 106],
    [109, 103, 102, 108],
    [110, 111, 115, 114],
    [111, 112, 116, 115],
    [113, 117, 116, 112],
    [113, 110, 114, 117],
    [114, 115, 119, 118],
    [116, 120, 119, 115],
    [116, 117, 121, 120],
    [117, 114, 118, 121],
    [123, 122, 118, 119],
    [124, 123, 119, 120],
    [124, 120, 121, 125],
    [125, 121, 118, 122],
    [122, 123, 127, 126],
    [124, 128, 127, 123],
    [128, 124, 125, 129],
    [126, 129, 125, 122],
    [126, 127, 131, 130],
    [128, 132, 131, 127],
    [129, 133, 132, 128],
    [126, 130, 133, 129],
    [134, 135, 139, 138],
    [135, 136, 140, 139],
    [137, 141, 140, 136],
    [137, 134, 138, 141],
    [138, 139, 143, 142],
    [140, 144, 143, 139],
    [140, 141, 145, 144],
    [141, 138, 142, 145],
    [143, 147, 146, 142],
    [144, 148, 147, 143],
    [144, 145, 149, 148],
    [145, 142, 146, 149],
    [151, 150, 146, 147],
    [152, 151, 147, 148],
    [152, 148, 149, 153],
    [146, 150, 153, 149],
    [154, 150, 151, 155],
    [152, 156, 155, 151],
    [152, 153, 157, 156],
    [150, 154, 157, 153],
    [159, 161, 160, 158],
    [163, 162, 160, 161],
    [165, 164, 162, 163],
    [165, 159, 158, 164],
    [158, 160, 167, 166],
    [160, 162, 168, 167],
    [164, 169, 168, 162],
    [164, 158, 166, 169],
    [166, 167, 171, 170],
    [168, 172, 171, 167],
    [168, 169, 173, 172],
    [166, 170, 173, 169],
    [171, 175, 174, 170],
    [172, 176, 175, 171],
    [172, 173, 177, 176],
    [177, 173, 170, 174],
    [175, 179, 178, 174],
    [179, 175, 176, 180],
    [177, 181, 180, 176],
    [177, 174, 178, 181],
    [179, 183, 182, 178],
    [184, 183, 179, 180],
    [180, 181, 185, 184],
    [181, 178, 182, 185],
    [0, 1, 261, 260],
    [1, 2, 262, 261],
    [3, 264, 262, 2],
    [3, 4, 265, 264],
    [5, 266, 265, 4],
    [0, 260, 266, 5],
    [260, 267, 7, 6],
    [268, 8, 7, 267],
    [264, 9, 8, 268],
    [264, 265, 10, 9],
    [265, 266, 11, 10],
    [260, 6, 11, 266],
    [260, 261, 49, 48],
    [262, 50, 49, 261],
    [51, 50, 262, 264],
    [264, 268, 52, 51],
    [267, 53, 52, 268],
    [260, 48, 53, 267],
    [270, 269, 102, 104],
    [271, 270, 104, 106],
    [263, 271, 106, 108],
    [263, 108, 102, 269],
    [110, 269, 272, 111],
    [271, 112, 111, 272],
    [271, 263, 113, 112],
    [269, 110, 113, 263],
    [130, 131, 276, 279],
    [131, 132, 277, 276],
    [133, 280, 277, 132],
    [133, 130, 279, 280],
    [269, 270, 135, 134],
    [271, 136, 135, 270],
    [271, 272, 137, 136],
    [269, 134, 137, 272],
    [155, 274, 273, 154],
    [274, 155, 156, 275],
    [157, 278, 275, 156],
    [278, 157, 154, 273],
    [276, 277, 186, 279],
    [277, 280, 279],
    [277, 279, 186],
    [274, 275, 187, 273],
    [275, 278, 273],
    [275, 273, 187],
    [92, 88, 89, 93],
    [87, 88, 92, 91],
    [90, 93, 89, 86],
    [87, 91, 90, 86],
    [82, 84, 89, 88],
    [82, 88, 87, 80],
    [78, 86, 89, 84],
    [78, 80, 87, 86],
    [188, 189, 190],
    [191, 188, 190],
    [192, 191, 190],
    [193, 192, 190],
    [189, 193, 190],
    [194, 195, 196],
    [195, 197, 196],
    [197, 198, 196],
    [198, 199, 196],
    [199, 194, 196],
    [188, 194, 189],
    [191, 195, 188],
    [192, 197, 191],
    [193, 198, 192],
    [189, 199, 193],
    [194, 188, 195],
    [195, 191, 197],
    [197, 192, 198],
    [198, 193, 199],
    [199, 189, 194],
    [200, 201, 202],
    [203, 201, 200],
    [204, 201, 203],
    [205, 201, 204],
    [202, 201, 205],
    [206, 207, 208],
    [208, 207, 209],
    [209, 207, 210],
    [210, 207, 211],
    [211, 207, 206],
    [200, 202, 206],
    [203, 200, 208],
    [204, 203, 209],
    [205, 204, 210],
    [202, 205, 211],
    [206, 208, 200],
    [208, 209, 203],
    [209, 210, 204],
    [210, 211, 205],
    [211, 206, 202],
    [212, 213, 214],
    [215, 212, 214],
    [216, 215, 214],
    [217, 216, 214],
    [213, 217, 214],
    [218, 219, 220],
    [219, 221, 220],
    [221, 222, 220],
    [222, 223, 220],
    [223, 218, 220],
    [212, 218, 213],
    [215, 219, 212],
    [216, 221, 215],
    [217, 222, 216],
    [213, 223, 217],
    [218, 212, 219],
    [219, 215, 221],
    [221, 216, 222],
    [222, 217, 223],
    [223, 213, 218],
    [224, 225, 226],
    [227, 224, 226],
    [228, 227, 226],
    [229, 228, 226],
    [225, 229, 226],
    [230, 231, 232],
    [231, 233, 232],
    [233, 234, 232],
    [234, 235, 232],
    [235, 230, 232],
    [224, 230, 225],
    [227, 231, 224],
    [228, 233, 227],
    [229, 234, 228],
    [225, 235, 229],
    [230, 224, 231],
    [231, 227, 233],
    [233, 228, 234],
    [234, 229, 235],
    [235, 225, 230],
    [236, 237, 238],
    [239, 237, 236],
    [240, 237, 239],
    [241, 237, 240],
    [238, 237, 241],
    [242, 243, 244],
    [244, 243, 245],
    [245, 243, 246],
    [246, 243, 247],
    [247, 243, 242],
    [236, 238, 242],
    [239, 236, 244],
    [240, 239, 245],
    [241, 240, 246],
    [238, 241, 247],
    [242, 244, 236],
    [244, 245, 239],
    [245, 246, 240],
    [246, 247, 241],
    [247, 242, 238],
    [248, 249, 250],
    [251, 248, 250],
    [252, 251, 250],
    [253, 252, 250],
    [249, 253, 250],
    [254, 255, 256],
    [255, 257, 256],
    [257, 258, 256],
    [258, 259, 256],
    [259, 254, 256],
    [248, 254, 249],
    [251, 255, 248],
    [252, 257, 251],
    [253, 258, 252],
    [249, 259, 253],
    [254, 248, 255],
    [255, 251, 257],
    [257, 252, 258],
    [258, 253, 259],
    [259, 249, 254],

    [0, 1],
    [0, 5],
    [0, 260],
    [1, 2],
    [1, 261],
    [2, 3],
    [2, 262],
    [3, 4],
    [3, 264],
    [4, 5],
    [4, 265],
    [5, 266],
    [6, 7],
    [6, 11],
    [6, 12],
    [6, 260],
    [7, 8],
    [7, 13],
    [7, 267],
    [8, 9],
    [8, 14],
    [8, 268],
    [9, 10],
    [9, 15],
    [9, 264],
    [10, 11],
    [10, 16],
    [10, 265],
    [11, 17],
    [11, 266],
    [12, 13],
    [12, 17],
    [12, 18],
    [13, 14],
    [13, 19],
    [14, 15],
    [14, 20],
    [15, 16],
    [15, 21],
    [16, 17],
    [16, 22],
    [17, 23],
    [18, 19],
    [18, 23],
    [18, 24],
    [19, 20],
    [19, 25],
    [20, 21],
    [20, 26],
    [21, 22],
    [21, 27],
    [22, 23],
    [22, 28],
    [23, 29],
    [24, 25],
    [24, 29],
    [24, 30],
    [25, 26],
    [25, 31],
    [26, 27],
    [26, 32],
    [27, 28],
    [27, 33],
    [28, 29],
    [28, 34],
    [29, 35],
    [30, 31],
    [30, 35],
    [30, 36],
    [31, 32],
    [31, 37],
    [32, 33],
    [32, 38],
    [33, 34],
    [33, 39],
    [34, 35],
    [34, 40],
    [35, 41],
    [36, 37],
    [36, 41],
    [36, 42],
    [37, 38],
    [37, 43],
    [38, 39],
    [38, 44],
    [39, 40],
    [39, 45],
    [40, 41],
    [40, 46],
    [41, 47],
    [42, 43],
    [42, 47],
    [43, 44],
    [44, 45],
    [45, 46],
    [46, 47],
    [48, 49],
    [48, 53],
    [48, 54],
    [48, 260],
    [49, 50],
    [49, 55],
    [49, 261],
    [50, 51],
    [50, 56],
    [50, 262],
    [51, 52],
    [51, 57],
    [51, 264],
    [52, 53],
    [52, 58],
    [52, 268],
    [53, 59],
    [53, 267],
    [54, 55],
    [54, 59],
    [54, 60],
    [55, 56],
    [55, 61],
    [56, 57],
    [56, 62],
    [57, 58],
    [57, 63],
    [58, 59],
    [58, 64],
    [59, 65],
    [60, 61],
    [60, 65],
    [60, 66],
    [61, 62],
    [61, 67],
    [62, 63],
    [62, 68],
    [63, 64],
    [63, 69],
    [64, 65],
    [64, 70],
    [65, 71],
    [66, 67],
    [66, 71],
    [66, 72],
    [67, 68],
    [67, 73],
    [68, 69],
    [68, 74],
    [69, 70],
    [69, 75],
    [70, 71],
    [70, 76],
    [71, 77],
    [72, 73],
    [72, 77],
    [73, 74],
    [74, 75],
    [75, 76],
    [76, 77],
    [78, 79],
    [78, 80],
    [78, 84],
    [78, 86],
    [79, 81],
    [79, 85],
    [80, 81],
    [80, 82],
    [80, 87],
    [81, 83],
    [82, 83],
    [82, 84],
    [82, 88],
    [83, 85],
    [84, 85],
    [84, 89],
    [86, 87],
    [86, 89],
    [86, 90],
    [87, 88],
    [87, 91],
    [88, 89],
    [88, 92],
    [89, 93],
    [90, 91],
    [90, 93],
    [90, 94],
    [91, 92],
    [91, 95],
    [92, 93],
    [92, 96],
    [93, 97],
    [94, 95],
    [94, 97],
    [94, 98],
    [95, 96],
    [95, 99],
    [96, 97],
    [96, 100],
    [97, 101],
    [98, 99],
    [98, 101],
    [99, 100],
    [100, 101],
    [102, 103],
    [102, 104],
    [102, 108],
    [102, 269],
    [103, 105],
    [103, 109],
    [104, 105],
    [104, 106],
    [104, 270],
    [105, 107],
    [106, 107],
    [106, 108],
    [106, 271],
    [107, 109],
    [108, 109],
    [108, 263],
    [110, 111],
    [110, 113],
    [110, 114],
    [110, 269],
    [111, 112],
    [111, 115],
    [111, 272],
    [112, 113],
    [112, 116],
    [112, 271],
    [113, 117],
    [113, 263],
    [114, 115],
    [114, 117],
    [114, 118],
    [115, 116],
    [115, 119],
    [116, 117],
    [116, 120],
    [117, 121],
    [118, 119],
    [118, 121],
    [118, 122],
    [119, 120],
    [119, 123],
    [120, 121],
    [120, 124],
    [121, 125],
    [122, 123],
    [122, 125],
    [122, 126],
    [123, 124],
    [123, 127],
    [124, 125],
    [124, 128],
    [125, 129],
    [126, 127],
    [126, 129],
    [126, 130],
    [127, 128],
    [127, 131],
    [128, 129],
    [128, 132],
    [129, 133],
    [130, 131],
    [130, 133],
    [130, 279],
    [131, 132],
    [131, 276],
    [132, 133],
    [132, 277],
    [133, 280],
    [134, 135],
    [134, 137],
    [134, 138],
    [134, 269],
    [135, 136],
    [135, 139],
    [135, 270],
    [136, 137],
    [136, 140],
    [136, 271],
    [137, 141],
    [137, 272],
    [138, 139],
    [138, 141],
    [138, 142],
    [139, 140],
    [139, 143],
    [140, 141],
    [140, 144],
    [141, 145],
    [142, 143],
    [142, 145],
    [142, 146],
    [143, 144],
    [143, 147],
    [144, 145],
    [144, 148],
    [145, 149],
    [146, 147],
    [146, 149],
    [146, 150],
    [147, 148],
    [147, 151],
    [148, 149],
    [148, 152],
    [149, 153],
    [150, 151],
    [150, 153],
    [150, 154],
    [151, 152],
    [151, 155],
    [152, 153],
    [152, 156],
    [153, 157],
    [154, 155],
    [154, 157],
    [154, 273],
    [155, 156],
    [155, 274],
    [156, 157],
    [156, 275],
    [157, 278],
    [158, 159],
    [158, 160],
    [158, 164],
    [158, 166],
    [159, 161],
    [159, 165],
    [160, 161],
    [160, 162],
    [160, 167],
    [161, 163],
    [162, 163],
    [162, 164],
    [162, 168],
    [163, 165],
    [164, 165],
    [164, 169],
    [166, 167],
    [166, 169],
    [166, 170],
    [167, 168],
    [167, 171],
    [168, 169],
    [168, 172],
    [169, 173],
    [170, 171],
    [170, 173],
    [170, 174],
    [171, 172],
    [171, 175],
    [172, 173],
    [172, 176],
    [173, 177],
    [174, 175],
    [174, 177],
    [174, 178],
    [175, 176],
    [175, 179],
    [176, 177],
    [176, 180],
    [177, 181],
    [178, 179],
    [178, 181],
    [178, 182],
    [179, 180],
    [179, 183],
    [180, 181],
    [180, 184],
    [181, 185],
    [182, 183],
    [182, 185],
    [183, 184],
    [184, 185],
    [186, 277],
    [186, 279],
    [187, 273],
    [187, 275],
    [188, 189],
    [188, 190],
    [188, 191],
    [188, 194],
    [188, 195],
    [189, 190],
    [189, 193],
    [189, 194],
    [189, 199],
    [190, 191],
    [190, 192],
    [190, 193],
    [191, 192],
    [191, 195],
    [191, 197],
    [192, 193],
    [192, 197],
    [192, 198],
    [193, 198],
    [193, 199],
    [194, 195],
    [194, 196],
    [194, 199],
    [195, 196],
    [195, 197],
    [196, 197],
    [196, 198],
    [196, 199],
    [197, 198],
    [198, 199],
    [200, 201],
    [200, 202],
    [200, 203],
    [200, 206],
    [200, 208],
    [201, 202],
    [201, 203],
    [201, 204],
    [201, 205],
    [202, 205],
    [202, 206],
    [202, 211],
    [203, 204],
    [203, 208],
    [203, 209],
    [204, 205],
    [204, 209],
    [204, 210],
    [205, 210],
    [205, 211],
    [206, 207],
    [206, 208],
    [206, 211],
    [207, 208],
    [207, 209],
    [207, 210],
    [207, 211],
    [208, 209],
    [209, 210],
    [210, 211],
    [212, 213],
    [212, 214],
    [212, 215],
    [212, 218],
    [212, 219],
    [213, 214],
    [213, 217],
    [213, 218],
    [213, 223],
    [214, 215],
    [214, 216],
    [214, 217],
    [215, 216],
    [215, 219],
    [215, 221],
    [216, 217],
    [216, 221],
    [216, 222],
    [217, 222],
    [217, 223],
    [218, 219],
    [218, 220],
    [218, 223],
    [219, 220],
    [219, 221],
    [220, 221],
    [220, 222],
    [220, 223],
    [221, 222],
    [222, 223],
    [224, 225],
    [224, 226],
    [224, 227],
    [224, 230],
    [224, 231],
    [225, 226],
    [225, 229],
    [225, 230],
    [225, 235],
    [226, 227],
    [226, 228],
    [226, 229],
    [227, 228],
    [227, 231],
    [227, 233],
    [228, 229],
    [228, 233],
    [228, 234],
    [229, 234],
    [229, 235],
    [230, 231],
    [230, 232],
    [230, 235],
    [231, 232],
    [231, 233],
    [232, 233],
    [232, 234],
    [232, 235],
    [233, 234],
    [234, 235],
    [236, 237],
    [236, 238],
    [236, 239],
    [236, 242],
    [236, 244],
    [237, 238],
    [237, 239],
    [237, 240],
    [237, 241],
    [238, 241],
    [238, 242],
    [238, 247],
    [239, 240],
    [239, 244],
    [239, 245],
    [240, 241],
    [240, 245],
    [240, 246],
    [241, 246],
    [241, 247],
    [242, 243],
    [242, 244],
    [242, 247],
    [243, 244],
    [243, 245],
    [243, 246],
    [243, 247],
    [244, 245],
    [245, 246],
    [246, 247],
    [248, 249],
    [248, 250],
    [248, 251],
    [248, 254],
    [248, 255],
    [249, 250],
    [249, 253],
    [249, 254],
    [249, 259],
    [250, 251],
    [250, 252],
    [250, 253],
    [251, 252],
    [251, 255],
    [251, 257],
    [252, 253],
    [252, 257],
    [252, 258],
    [253, 258],
    [253, 259],
    [254, 255],
    [254, 256],
    [254, 259],
    [255, 256],
    [255, 257],
    [256, 257],
    [256, 258],
    [256, 259],
    [257, 258],
    [258, 259],
    [260, 261],
    [260, 266],
    [260, 267],
    [261, 262],
    [262, 264],
    [263, 269],
    [263, 271],
    [264, 265],
    [264, 268],
    [265, 266],
    [267, 268],
    [269, 270],
    [269, 272],
    [270, 271],
    [271, 272],
    [273, 274],
    [273, 275],
    [273, 278],
    [274, 275],
    [275, 278],
    [276, 277],
    [276, 279],
    [277, 279],
    [277, 280],
    [279, 280]
]
